12
1 15
5 16
2 1 17
2 1 7 7 2
1 2 6 7 3
2 1 1 10 3
2 2 1 7 2
4 11 6
4 1 1 1 1 5
6 2 1 1 1 6
2 3 1 2 6
3 3 2 1
3 1 1 1 1 2
2 3 1 2 2
7 1 4 4
1 1 4 6 6
7 4 1 7
1 4 2 1 2 2 7
1 1 3 1 1 8
1 1 1 2 8
2 3 1 3 2 7
6 2 3 1 1 7
2 2 2 9
7 1 9
4 3 7
3 5 5
1 8 4
2 9 3
17
---
6
2 2 1 1 2
2 2 4 1 2 1
3 2 1 4 2 1
1 1 1 2 6 1
1 2 4 1 2 1
3 5 1 1 2
4 2 4
2 1 1 2
1 1 2
4 2
2 1 1 1
4 1 1 1 5
6 1 3 2 3 2
5 3 1 5 3 1
6 1 1 3 4 1
7 1 1 3 4 1
7 1 1 1 1 1 3
5 1 3 1 1 3 5
4 2 1 2 3 7
9 1 5 2 5
10 1 2 4 4
8 1 2 2 2 4
8 5 9 3
13 10 3
12 11 2
5 5 13 1
3 2 6 15
8 17
5 16
